xof 0302txt 0064

Scene {
	SolidContainer{
		Solid Pointer{
			1.0;
			1.0, 0.0, 0.0,
			0.0, 1.0, 0.0,
			0.0, 0.0, 1.0;;
			0.0; 0.0; 0.0;;
			0.0; 0.0; 0.0;;
			0.0; 0.0; 0.0;;
			{frPointer}
		}
	}
#	GravityEngine{
#		0.0; -9.8; 0.0;;
#		{Pointer}
#	}
	ContactEngine{
		{frFloor}
		{Pointer}
	}
}

Frame frTop {
  FrameTransformMatrix {
   1.000000,0.000000,0.000000,0.000000,
   0.000000,1.000000,0.000000,0.000000,
   0.000000,0.000000,1.000000,0.000000,
   0, 0, 0, 1.000000;;
  }
	Frame frLight {
		FrameTransformMatrix  {
			0.707107,0.000000,-0.707107,0.000000,
			0.500000,0.707107,0.500000,0.000000,
			0.500000,-0.707107,0.500000,0.000000,
			0.000000,0.000000,0.000000,1.00000;;
		}
	}
	Light8{
		3;
		0.900000;0.900000;0.900000;0.900000;;
		0.900000;0.900000;0.900000;0.900000;;
		0.000000;0.000000;0.000000;0.000000;;
		0.000000;0.000000;0.000000;;
		-0.3 ;-0.3 ; -0.3;;
		20.000000;
		1.000000;
		0.800000;
		0.800000;
		0.800000;
		0.300000;
		0.330000;
		{ frLight }
	}
  Frame frPointer {
    FrameTransformMatrix {
########### 10 do
#   0.984808,0.173648,0.000000,0.000000,
#  -0.173648,0.984808,0.000000,0.000000,
#   0.000000,0.000000,1.000000,0.000000,
########### 30 do
#   0.866025,0.500000,0.000000,0.000000,
#  -0.500000,0.866025,0.000000,0.000000,
#   0.000000,0.000000,1.000000,0.000000,
###########
   1.000000,0.000000,0.000000,0.000000,
   0.000000,1.000000,0.000000,0.000000,
   0.000000,0.000000,1.000000,0.000000,
###########
	0.0,9.0,0.0,1.0;;
###########
#	-2.0,9.0,3.0,1.0;;
    }
Mesh {
 8;
 -0.10000;0.10000;0.10000;,
 0.10000;0.10000;0.10000;,
 0.10000;0.10000;-0.10000;,
 -0.10000;0.10000;-0.10000;,
 0.10000;-0.10000;-0.10000;,
 -0.10000;-0.10000;-0.10000;,
 0.10000;-0.10000;0.10000;,
 -0.10000;-0.10000;0.10000;;
 
 6;
 4;0,1,2,3;,
 4;3,2,4,5;,
 4;5,4,6,7;,
 4;7,6,1,0;,
 4;1,6,4,2;,
 4;7,0,3,5;;
 
 MeshMaterialList {
  2;
  6;
  1,
  1,
  1,
  1,
  1,
  1;;
  Material {
   0.301961;0.301961;1.000000;0.800000;;
   5.000000;
   0.000000;0.000000;0.000000;;
   0.075490;0.075490;0.250000;;
  }
  Material {
   1.000000;0.047059;0.047059;1.000000;;
   5.000000;
   0.000000;0.000000;0.000000;;
   0.250000;0.011765;0.011765;;
  }

 }
}
  }
  Frame frFloor{
    FrameTransformMatrix {
     1.000000,0.000000,0.000000,0.000000,
     0.000000,1.000000,0.000000,0.000000,
     0.000000,0.000000,1.000000,0.000000,
     0.0, 0.0, 0.0, 1.000000;;
    }
	Mesh {
	 8;
 -1.00000;0.00000;1.00000;,
 1.00000;0.00000;1.00000;,
 1.00000;0.00000;-1.00000;,
 -1.00000;0.00000;-1.00000;,
 1.00000;-1.00000;-1.00000;,
 -1.00000;-1.00000;-1.00000;,
 1.00000;-1.00000;1.00000;,
 -1.00000;-1.00000;1.00000;;
	 
	 6;
	 4;0,1,2,3;,
	 4;3,2,4,5;,
	 4;5,4,6,7;,
	 4;7,6,1,0;,
	 4;1,6,4,2;,
	 4;7,0,3,5;;
	 
	 MeshMaterialList {
	  1;
	  6;
	  0,
	  0,
	  0,
	  0,
	  0,
	  0;;
	  Material {
	   0.800000;0.800000;0.800000;0.400000;;
	   0.000000;
	   0.000000;0.000000;0.000000;;
	   0.000000;0.000000;0.000000;;
	  }
	 }
	}
  }
  Frame frBack{
    FrameTransformMatrix {
     1.000000,0.000000,0.000000,0.000000,
     0.000000,1.000000,0.000000,0.000000,
     0.000000,0.000000,1.000000,0.000000,
     0.0, 0.0, 50.0, 1.000000;;
    }
Mesh {
 4;
 200.00000;-200.00000;-0.00000;,
 -200.00000;-200.00000;0.00000;,
 -200.00000;200.00000;0.00000;,
 200.00000;200.00000;0.00000;;
 
 1;
 4;0,1,2,3;;
 
 MeshMaterialList {
  1;
  1;
  0;;
  Material {
   0.192000;0.416000;1.000000;1.000000;;
   5.000000;
   0.000000;0.000000;0.000000;;
   0.048000;0.104000;0.250000;;
  }
 }
}
 }
  Camera{
    1.000000, 0.000000, 0.000000, 0.000000,       # 視点行列
    0.000000, 0.894427,-0.447213, 0.000000,
    0.000000, 0.447214, 0.894427, 0.000000,
    0.000000, 0.000000, 2.416400, 1.000000;;
    0.400000;             # スクリーンの幅
    0.400000;             # スクリーンの高さ
    0.000000;             # カメラからのスクリーンのずれ(X)
    0.000000;             # カメラからのスクリーンのずれ(Y)
    0.400000;             # カメラとクリッピング平面の距離(front)
    4000.000000;          # カメラとクリッピング平面の距離(back)
  }
}
